1)8305084745762712
[[5], [5], [1, 12], [1, 0.5116230484311894]
, [1, 10], [1, 0.3079894785442912], [0, 6]
, [0, 0.11771155988814913], [0, 10]
, [1, 0.4591098062076323], [1, 7], [1, 0.11868005532196885]] 


2)8305084745762712
[[5], [4], [0, 5], [0, 0.527437589786448]
, [1, 10], [1, 0.2700361381973147], [0, 10]
, [1, 0.4393708615953515], [1, 11], [1, 0.5393079914179616]
, [1, 9], [1, 0.39019592804562625]]

3) 8305084745762712
[[3], [5], [0, 8], [1, 0.031059847427846798]
, [0, 3], [1, 0.4601253068765954], [0, 12]
, [1, 0.44260699889735666], [1, 5], [1, 0.2832445548301717]
, [1, 3], [0, 0.19365619507583431]] 